10
5
-3106.46 -6258 -1389.62 -8841 -2281.75 4951 -6465.99 3055 -9544.41 8771 
10
-7117.01 -9662 -5858.73 -2663 -870.853 2567 5772.79 -704 -1833.72 4210 9201.38 -1667 2315.15 1808 2934.31 6772 8791.93 -8375 8107.72 -5077 
15
4262.13 9019 2343.4 -5714 3112.33 -3678 8886.72 -1238 -7126.66 133 5917.47 9458 5405.48 -4936 -7026.51 -8043 -9815.05 2912 9016.15 -4948 -8764.88 3018 121.976 -9661 -8387.78 -4446 7034.99 1778 -571.719 2479 
20
4668.74 -9591 -4136.04 3678 -7728.69 -2661 8929.35 -6272 -5266.36 -7889 -7359.44 -1843 -7537.56 6948 -5250.25 -1023 5490.87 3358 -1496.02 -5558 9120.15 -8019 7085.16 2121 6837.72 7533 9099.33 4961 -9224.16 -7749 -310.393 -8216 5451.22 -7602 5203 9031 3933.09 -5021 -4545.46 9025 
25
3001.76 6405 -7018.39 3962 5794.14 4353 -4782.87 -5197 -2257.91 2737 -9988.03 -7923 359.087 -2222 1083.65 -1678 9935.47 -4201 1128.53 -4303 8788.33 2327 8065.36 7420 9398.81 -5293 3128.26 8303 7402.34 -4130 -9341.37 7883 155.449 3560 -6759.07 -7440 -683.651 316 -3690.69 -5850 369.601 -7371 -6755.97 -3860 7704.2 -7099 2416.15 -5813 -7393.79 -5061 
10
-7517.93 -2196 483.322 3351 2593.05 -6138 7756.89 3860 7807.64 3962 3736.03 -1694 -3739.33 -9325 -4169.56 78 -1086.2 -4651 1589.23 -2809 
20
1387.64 -2031 -7027.17 -2943 -5229.11 9055 -2947.89 6517 483.115 9025 -2160.19 -5630 7718.41 -3663 6104.71 -5750 8112.06 1945 5597.34 -9175 1958.11 -515 5321.8 -656 4434.11 -8590 6382.7 -4686 2516.37 -3692 -9302.23 2626 -5876.89 -2265 5506.99 5486 -5101.76 8118 108.884 -7777 
30
1454.8 5885 -2861.96 5346 4363.33 7009 1096.03 5942 -386.98 -9638 -8718.66 -7047 1471.46 6948 -9720.23 2012 -3368.5 -8510 4416.6 -2199 205.96 3271 513.531 4203 -4352.26 7414 3499.47 2596 -4161.19 -5445 7849.92 8540 5239.14 2633 -3056.03 -981 -5912.81 -6578 5960.33 -4528 -2033.01 -288 1927.47 -9128 -8780.19 2227 -5194.3 6891 7849.24 -9470 -8303.95 -5158 2879.38 5600 -1413.68 -4337 -5915.21 -1221 -9637.26 8974 
40
-200.342 2998 415.794 8020 -3419.1 4166 -8327.64 -4893 -8605.84 -7793 8472.46 8325 -8847.56 9282 -5056.08 -2966 -9363.87 3620 1250.64 -4941 -7692.5 8259 -6846.7 -1283 6297.68 -3000 4074.02 -4907 -7714.46 56 9210.28 3962 -8515.47 -5650 -1812.61 -4904 -6139.12 6011 -1336.29 -7122 8728.97 -5308 -255.901 1327 -1577.24 3225 2907.73 -2227 2116.69 -294 2502.56 -9217 9022.63 898 -6886.44 -9020 1004.92 355 -1836.98 8502 7864.54 3291 -7062.47 8653 7017.09 -1700 7401.44 -4303 -5134.86 9068 7327.54 -3413 9935.09 3049 9054.77 -5947 8974.74 4956 4925.73 4857 
50
-2162.05 2511 -2634.37 9115 -5689.14 4255 3240.46 -1912 -9529.12 -164 -8432.74 -3742 8700.13 -2897 -5783.41 -8843 -9931.72 -1743 -9835.77 -6321 3776.51 -2157 -1626.6 3377 -5539.37 8283 -1636.58 5685 -1533.11 628 -8158.48 -8628 -7698.34 -5569 6594.36 -9746 -7811.43 6371 -6235.37 3775 1050.14 8489 -5763.96 3155 -6143 -9893 9032.9 -8742 8709.85 7769 -8388.47 189 6215.17 7445 5146.53 2137 -545.417 -6269 1230.12 -5845 8733.95 -3135 2184.8 5830 -5584.76 -1312 9768.33 2424 6160.52 -3735 -9261.85 4354 -424.816 1102 7421.62 7644 -3746.62 1398 5473.31 1712 7557.45 -5596 -5137.8 -5613 -788.599 1168 6893.35 -9663 5980.26 -9261 5270.4 -6210 -5606.65 -1268 2772.52 -6545 -1065.25 6329 4866.98 7812 
